36

36

35

37

37

36

37

37

36

37

37

37

37

36

36

37

37

36

37

37

37

37

37

37

37

37

37

38

38

37

38

37

38

37

36

36

34

37

36

35

36

34

34

33

34

35

36

35

37

35

35

35

35

36

37

34

34

36

35

36

38

38

36

36

37

35

36

37

36

37

36

37

37

38

37

37

37

38

36

35

35

37

36

36

36


35

35

35

35

36

38


37


38

37

37

36

37

38

36


35